baseMean log2FoldChange lfcSE pvalue padj
GPX2 1267.02461111151 2.3992761017672 0.282320197220324 9.61310452727709e-19 1.92031376036887e-14
AKR1B10 3096.70799190616 6.47462077697706 0.801777934773862 3.14457145147004e-17 3.14079796572827e-13
LOC124909347 76.5000084128998 -1.5265724688584 0.220210281280455 2.70610027125255e-13 1.8019019672847e-09
PROZ 688.941479388712 -1.57486117745437 0.23989691469017 3.10477467480554e-12 1.55052447259789e-08
LINC01322 49.9262281053435 -5.50799579022089 0.847275886485778 5.38917030188895e-12 1.67955670978679e-08
LPL 94.687124510072 3.42570882150467 0.530920170799887 5.39242701513203e-12 1.67955670978679e-08
LOC107984732 45.8839524661625 -2.8091620110245 0.437028419292257 5.88551109757085e-12 1.67955670978679e-08
ALDH18A1 713.76564936152 1.02063927137211 0.159299141196018 1.30563285232944e-11 3.2601652322666e-08
LINC02640 60.8825650714743 -2.32466803681043 0.374316088059976 2.7746149004341e-11 6.15841191678574e-08
LOC124902366 213.405762550926 -2.70255972601285 0.438454701622588 3.26031396156761e-11 6.42537415323218e-08
ZNF266 489.823317389555 -1.10042626534433 0.17802590457437 5.04782580799935e-11 8.40294736171625e-08
TMEM144 140.944967594248 1.511486636853 0.254192022155862 1.74715955013432e-10 2.49294708382022e-07
TRIM9 187.704163925355 4.21327398247936 0.718752353737202 2.06003050905185e-10 2.74341129658798e-07
ALDH3A1 60.2764962416453 3.13394542038307 0.541531972372627 3.89388772314643e-10 4.86151882234831e-07
LOC124909419 52.1554318741956 -2.03451800607256 0.353092218804568 4.32330927368531e-10 5.08014270889045e-07
LOC102723724 68.3328010876116 1.8888693776343 0.32784090108131 4.79715391215287e-10 5.32377480828698e-07
CCL20 42.9700720746921 5.02476459633382 0.868954991036564 5.74356628235994e-10 6.03860421349591e-07
LOC100533853 52.9201353797739 -2.3376089470637 0.416088902104327 9.30078553300433e-10 8.84726151463308e-07
LOXL4 350.161973832502 3.34439755359946 0.605695655783917 1.5156611134228e-09 1.31638462616234e-06
ZNF594 296.850717462867 -1.09343290499399 0.195847854341218 1.86442536845925e-09 1.55182338168091e-06
EEF1A2 90.12033433 5.03618337124169 0.925488674121384 2.76095839246486e-09 2.20611619391512e-06
CMYA5 888.273599333825 -1.85766460526875 0.345309039211745 3.83169146080177e-09 2.83488402299911e-06
LOC102723566 99.0698809352563 -1.49025711118096 0.275863131302959 4.07408503140154e-09 2.90656866383133e-06
LOC105374009 36.6525006746664 -2.33882772692045 0.441108939576056 6.10078582817687e-09 4.20238957598832e-06
LOC105369477 534.774681573047 -1.2597975641861 0.245250237387119 1.8433983816462e-08 1.15074143974264e-05
TGFBI 3725.37740931858 1.04585317731756 0.203100498044491 2.1444589679115e-08 1.29811249524243e-05
LIVAR 36.1337951548887 2.52187954907715 0.498026898216049 2.58172163798501e-08 1.51683739530555e-05
AOC4P 93.7437989290527 -1.36536585445971 0.269770506913639 2.66162129750394e-08 1.51910134396968e-05
ID1 518.701466015794 1.39837853255833 0.277083143343743 2.80865101306948e-08 1.55848923991878e-05
LOC105369250 166.41659247014 -1.63954237208863 0.32884870468917 3.31512616614131e-08 1.69607987194475e-05
TNFRSF12A 118.383506394536 3.38458903979288 0.684185245103195 3.39623522616089e-08 1.69607987194475e-05
DCDC1 669.863502492072 -1.3530293139722 0.271084609954093 3.68681270153615e-08 1.79576981697873e-05
SIRPB2 89.1519828798502 1.83577805747126 0.369694132739013 3.77564739252636e-08 1.79576981697873e-05
PARVB 248.613038274606 1.08895633920173 0.216599840959397 3.94768250243427e-08 1.83392803880528e-05
BCAT1 248.109065447597 2.19963552263608 0.446873351704958 4.04221694069931e-08 1.83516649107749e-05
LOC101928961 189.19713377209 -3.00767562555186 0.619676672065093 4.80653113522343e-08 2.13367257682718e-05
LOC124907884 61.5622670207787 -1.74327418485761 0.358123425740129 5.86688691878357e-08 2.54775941499175e-05
GOLM1 559.536759705445 2.28568543365384 0.472298637082687 6.353317563045e-08 2.70029514126355e-05
LOC107984694 71.1060448435162 -1.2170366763864 0.248582721482994 6.66363932504353e-08 2.77318456577228e-05
LOC124903387 179.922252648197 -2.67441237167036 0.557386545528791 6.95544838981325e-08 2.83555177622264e-05
LOC112268450 114.83837080248 -1.6982029391804 0.354047190184314 8.36453143486453e-08 3.34179759885708e-05
NINJ2 80.6019039110095 1.49638303938856 0.314504101552489 1.13170381762973e-07 4.3474837424945e-05
AKR1B15 25.3899355524384 6.78701297023346 1.59868728485897 1.18573497858693e-07 4.46910225136839e-05
LRIG3.DT 66.6145250235842 -1.43251947282028 0.302349556076831 1.29853061499506e-07 4.71626319366207e-05
VIL1 554.336162837556 -2.32044256042658 0.50009211302796 1.54464987335165e-07 5.31998721897802e-05
CDKN1A 910.023530784361 1.41686471375962 0.302336122528813 1.53491095799493e-07 5.31998721897802e-05
CUTALP 478.833587060312 -1.1746819439159 0.25110030191851 1.98161024219065e-07 6.70926206745772e-05
FAM9B 46.6271578853907 -2.28047002380595 0.499506348379494 2.22885053042676e-07 7.42058636596748e-05
MANF 428.499750973232 1.24659837272387 0.268859787110587 2.3436866045116e-07 7.67499731339734e-05
CROCCP2 59.0009739395624 -1.27280378369406 0.275440736296149 2.38453923062724e-07 7.6828315598403e-05
GPR88 202.774442474161 -2.97872290561964 0.657825527243768 2.42677254163653e-07 7.69479496694147e-05
CGREF1 60.2688445273419 2.29622458923292 0.506508299142923 2.79381727664623e-07 8.45595362398258e-05
RASEF 155.919813812647 2.26630633325615 0.500425980848199 2.78291648362664e-07 8.45595362398258e-05
WNT4 35.6410826715547 2.79338285541744 0.615176657848618 2.98956720921602e-07 8.91337232407451e-05
LOC105374535 54.8594432138515 -1.10471837008231 0.240646024423274 3.37917585039225e-07 9.80800344216531e-05
BRPF3.AS1 43.8757057388684 -1.61569702522993 0.357182580439833 3.38782657944236e-07 9.80800344216531e-05
PLBD1 184.396680171161 1.09327734983047 0.240170435484089 4.06425206097985e-07 0.000115982141671619
ZNF285 37.7150190804639 -1.37726096728994 0.306798967969579 4.32370279594201e-07 0.000121648291622166
PACSIN3 255.218271052077 -1.61506855742598 0.363696661617955 4.63273707231559e-07 0.000128532716328578
CD52 135.467625431286 1.88309246946404 0.425355073301274 4.90498386495134e-07 0.000134221859844203
HSPA5 3984.43187545111 1.06946434010209 0.237084315802323 5.11236915350195e-07 0.000138006332716696
SPON2 406.127657021155 1.16386452908273 0.26014972452965 5.4070710557071e-07 0.000139166229523956
LINC02827 39.7581240421306 -3.78128444871234 0.864660270159983 5.42954105641124e-07 0.000139166229523956
SCPEP1 487.731584766554 1.00286218686271 0.222212650436064 5.2911662394077e-07 0.000139166229523956
LINC00939 148.873070307077 -1.37023960960687 0.310648097689733 5.97889740972751e-07 0.000151182853995844
CCDC38 40.0631037473954 -1.62897069583334 0.371220053660451 6.10110214870961e-07 0.000152344520653279
MAP2K6 1072.07842219092 -1.1572329491843 0.262867125443056 7.28757356140535e-07 0.000179724159830411
BAG3 146.503046605573 1.10766840311282 0.250923303430054 7.47862965785162e-07 0.000182186714689322
CFAP298.TCP10L 98.5876903244218 -1.30656951725174 0.30050675868527 8.58425853801406e-07 0.000206601383801649
RAB7B 41.191040910005 2.13488732127756 0.50052260083556 1.00606221037622e-06 0.000235373754862655
CD83 109.298916186067 1.21699247939126 0.281140565635917 1.02403520921797e-06 0.000235373754862655
LOC124903251 83.5321666506605 -1.32158395562908 0.307717538971997 1.02510596080552e-06 0.000235373754862655
TTYH3 312.472405205574 1.56493359819647 0.366667375780062 1.08211332493168e-06 0.000245639724759492
PDZK1IP1 92.9391822139923 4.19168518205673 1.00487692694901 1.10605435530346e-06 0.000246687200685088
AMDHD1 2148.21255277673 -1.08181188368621 0.250228351629418 1.1114261144202e-06 0.000246687200685088
LOC107986365 33.935274507594 -1.45200475084278 0.339450703124234 1.17415570042327e-06 0.00025774653045775
C1QTNF1 499.805151960684 1.07613049538994 0.250419152307345 1.29577533597473e-06 0.000278326968940121
PDCL3P4 39.47345173713 -1.3252789749965 0.311924352617618 1.33637612626686e-06 0.000283653365508948
OASL 154.914022158486 1.39433625360101 0.329242688492496 1.34897225287095e-06 0.000283653365508948
MGC27382 98.9896866826078 -1.49953882449595 0.356845595332309 1.39747247321512e-06 0.00029079073046818
ADAMTS6 47.9767029215875 1.10884925871956 0.258916902450822 1.43214589547884e-06 0.000294933468124591
KDELR3 318.583019766334 1.57606932719791 0.377358805084624 1.550048003443e-06 0.000314780032382154
SLC22A12 8.81629798537066 5.25716552840629 1.40908720336465 1.72267549678409e-06 0.000344121657237591
LOC105374187 581.043563943758 -1.19311859010123 0.284671700487076 1.79369080543526e-06 0.000353135052742252
SERTAD1 82.7738102212429 1.08733711095819 0.25745145205697 1.80315255204794e-06 0.000353135052742252
LOC124901123 6.11144495760587 6.48893720127453 2.58300837663507 1.99754549669288e-06 0.000372118326395004
TMEM178B 23.5410619353879 3.11946425152289 0.75731251151749 1.95802114433664e-06 0.000372118326395004
LOC124902275 56.868258417952 -1.4139971211465 0.341877076732556 2.01185318635665e-06 0.000372118326395004
IAPP 21.3154746398503 -2.08694788200305 0.510181209032321 1.99861442772083e-06 0.000372118326395004
LOC100133007 16.029257858386 -2.57641997894026 0.630143685667806 2.07850151370959e-06 0.000380918772824429
RAD51AP2 242.899291900622 -1.26449978695416 0.305463102354734 2.15049887733081e-06 0.000390530596123275
IL32 1359.80612987183 1.84339237743052 0.451587070620175 2.18635499835046e-06 0.000393465112135574
MSR1 859.914174888735 1.41032365549022 0.343295490596172 2.35953866039726e-06 0.000420840573929426
LYZ 1974.56144329504 1.900934820217 0.468458586322029 2.50434125465696e-06 0.000438830885114276
KNDC1 49.7093381076794 1.50246465933086 0.367237272844385 2.53120347396657e-06 0.000439681048660489
XKR4 13.4520230235015 -4.38072081210724 1.05586019106407 2.65115397479722e-06 0.000447045311658566
FABP5 30.9511855324465 2.51002658073533 0.624405873978403 2.6631153427798e-06 0.000447045311658566
LINC01094 36.6751423660067 2.90186600409975 0.723492890184334 2.72751562208684e-06 0.000454040433890055
LOC124900745 120.515835173028 -2.18692170529771 0.548226374078812 2.75273911406924e-06 0.000454452202831794
ZNF648 75.974587668593 -1.52535965454307 0.378274014514939 2.87050098588109e-06 0.00047000924339312
LINC01725 153.386184081013 -1.4170872242265 0.35102075540875 2.94645040918497e-06 0.000473207220768921
LOC124901970 69.3380168176555 -1.23073105334021 0.303085609757594 2.99009210546164e-06 0.000474048253164299
DNAJC6 57.1001169102247 2.35036835647202 0.591032767045381 3.10934904271536e-06 0.000485620894050921
SEMA6C 150.237458174253 -1.13730354353405 0.280100867316769 3.32160975253948e-06 0.000510729366959185
LOC105377576 132.096641651281 -1.36030374733026 0.338611732939617 3.32372936046727e-06 0.000510729366959185
MOXD1 270.642261270625 3.52340311991666 0.90946072654222 3.8429044065207e-06 0.000577186905448553
KRT18 3617.75966939508 1.11578909818378 0.277077103448496 3.94336640137746e-06 0.000587855874879972
LOC124900386 26.3970276286043 -1.45979310678292 0.367476947535434 4.00293253559522e-06 0.000587960149493016
SRXN1 503.960849344302 1.4922675907785 0.376229344933078 3.9953204994375e-06 0.000587960149493016
LOC105373594 5.12749100053873 6.15636615469692 2.53510008246392 4.06672543294135e-06 0.000592970125900996
TREM2 83.8878679648187 2.87565723497042 0.74016337179483 4.09944135565635e-06 0.000593408989279647
SPNS2 189.283483141697 1.13925536026774 0.284040642381916 4.14213682659817e-06 0.000595275721209532
C17orf67 134.649742376266 -1.08898479441286 0.271459381431157 4.22393569064588e-06 0.000602695281116729
LOC105376861 14.6569722571829 -2.47798625388799 0.628529532763615 4.30860007226396e-06 0.000607349075307979
ENG 1214.93622445697 1.24101068846578 0.31167719109381 4.31735926580562e-06 0.000607349075307979
ARHGEF4 20.4005369748303 -3.84709481923007 0.986108603413979 4.48434862999309e-06 0.000617788608501669
OLFML1 214.806926646133 1.02702881878179 0.255997809307197 4.61122930117164e-06 0.000626216304864426
MTUS2 152.016561141525 -1.93301908103389 0.498623086415259 4.64430650763176e-06 0.000626216304864426
KPNA2 220.19378997543 1.47832799413475 0.376027308778242 4.58589885992256e-06 0.000626216304864426
HIGD1C 165.388964095059 -1.06268566384588 0.266945750303183 4.88343049905075e-06 0.000646035812245283
LOC124903536 828.1300857086 -1.28261716031355 0.327007704229478 5.15496316786868e-06 0.000673042772819247
SDCBP2.AS1 90.6067609856472 -1.14851637097119 0.290791757182869 5.13870645403376e-06 0.000673042772819247
CYP2C19 10932.0311366932 -2.52534386269026 0.661531175093146 5.21208844299654e-06 0.000674455853174699
TAS2R31 12.1055389850668 -4.2998596948048 1.06166299166892 5.29487402613262e-06 0.000674455853174699
SNORD3A 6648.98578624486 1.33709287376127 0.340336705837784 5.30083945476711e-06 0.000674455853174699
LINC02160 27.7392097565426 -3.1832468028015 0.831617118399873 5.44780560423016e-06 0.000684436256289948
LINC02987 154.860889345307 -2.23349230799071 0.584883302745335 5.58963745546829e-06 0.000697866236315216
VAMP5 101.281237214629 1.7159883290868 0.444747505837492 5.70556421743056e-06 0.000707915222406167
LINC01482 81.4204926134884 -2.9242318210385 0.77561643644759 5.76864010666758e-06 0.000711323177597479
LOC105379346 40.1858807018917 -1.41022348012769 0.362355057463281 5.92680546874582e-06 0.000721913817339429
TTC9 105.806107719113 2.06224545577536 0.538689574402509 5.90808382609037e-06 0.000721913817339429
DHRS9 87.7490856077361 1.45949031687269 0.377688788724947 6.19053612435112e-06 0.000749467573454776
CLDN11 87.5164035353597 1.6918875262622 0.440862814684745 6.28957209992756e-06 0.000756870435350319
LOC124901919 36.7138714216293 -1.5978160328892 0.416678047958745 6.54185704667216e-06 0.000777857954549542
SIRPA 783.499255114867 1.20832609060423 0.312047579875093 6.52744744774183e-06 0.000777857954549542
MMP9 22.4195502952324 1.92270875195044 0.502399224862415 6.98948876236926e-06 0.000821306044218167
LOC105379011 1455.26249630404 -1.92144022019778 0.510188692156535 7.09637697551899e-06 0.000828989628438405
PHLDA3 80.7720169201962 1.43944184752409 0.379081093755674 8.33834362224864e-06 0.000951810012560222
LOC124901001 190.978611697322 -1.04233635386562 0.270260208268161 8.33520167789397e-06 0.000951810012560222
PRKAA2 422.961473868258 1.08640360127148 0.282854132006485 8.71825438652242e-06 0.00098393135381453
MMP19 56.8838077760585 1.74295466426318 0.464871181430271 8.69289592624919e-06 0.00098393135381453
ARHGEF16 85.0542837660004 1.00319313001761 0.259910666280737 8.94982916443646e-06 0.00100439206398193
CHRDL2 26.2490131119245 2.35043883527506 0.631054208858668 9.08943655379022e-06 0.00101436080781292
EEF1A1P9 62.0878447198771 -1.10195654844427 0.288867723185044 9.19651858779551e-06 0.00101846905961697
LINC02675 82.3482602897509 -1.25619599977991 0.331775449367977 9.22821885215612e-06 0.00101846905961697
PCDH17 214.421471368193 1.81658091229684 0.489159624701938 9.39298393920628e-06 0.00102532375502505
CIDEC 27.8116422171947 3.25380300926389 0.879773513559251 9.89971614901612e-06 0.00105752261921255
FAM131B.AS2 20.6361581055075 1.89417511625527 0.505047700998434 9.80100786173545e-06 0.00105752261921255
LINC01277 62.8752059056577 -1.73630358108306 0.46943723395359 9.98688338279063e-06 0.00106115948114163
OLR1 72.6516492114391 3.08924995334469 0.848909522678559 1.04264584743067e-05 0.001095724332558
FOS 68.1383531183371 1.97990874911068 0.538095386769801 1.04767394632849e-05 0.001095724332558
ATF3 83.1645632127415 1.40662901197932 0.37623606167565 1.06157327805299e-05 0.0011044785313743
RGS4 71.46723889326 2.79705387998699 0.771176830197054 1.11124950675616e-05 0.00114424330654438
LIMK1 112.76589205969 1.2663305945201 0.339476708022094 1.1805619473654e-05 0.00119105583134198
ATF7IP2 2629.46315103991 -1.14931634448074 0.307163247321271 1.1706629408393e-05 0.00119105583134198
LOC100505715 21.2888196465427 -1.37840154170563 0.369110136693083 1.1762961884911e-05 0.00119105583134198
LOC124905002 45.4726664355309 -1.26058864976061 0.338982440780492 1.21038266126133e-05 0.00121500522820886
COL1A1 2640.75918073846 3.09918838010853 0.863249618780041 1.24537271747981e-05 0.00124387827021883
LINC02606 30.3741620751908 1.53648489925098 0.41728129065996 1.25844597350475e-05 0.00124588400574026
LOC124903867 33.827991440298 -1.826494459709 0.500249896454056 1.25985467140335e-05 0.00124588400574026
LOC107986150 40.5695635387794 -2.20036830495195 0.611425883354005 1.27918874916035e-05 0.00125260168888369
LOC105379013 1588.60872763537 -1.94506559448616 0.538525497062166 1.27432787004673e-05 0.00125260168888369
CPXM1 30.9691339629776 4.43658949119709 1.23197450204518 1.29463745835862e-05 0.00126154526186204
LOC124904778 5.12122520061101 -4.59616933060099 1.40465601222169 1.3666627252905e-05 0.00132526478642733
GPX3 2714.25428770903 1.14410362122694 0.31033763679331 1.38584656141965e-05 0.00133737540632458
IL1B 38.2453143944079 1.77133366906015 0.4905762629476 1.52936143781811e-05 0.00144445272637815
KLF3.AS1 93.6038383659507 -1.44944568819472 0.400091983016545 1.53295944129039e-05 0.00144445272637815
LOC101928274 259.842939892121 -1.17000630218268 0.319431946402593 1.54807178950857e-05 0.00144719519627167
EHD4 392.626162242213 1.12013997103291 0.304048190934354 1.55035929116008e-05 0.00144719519627167
LOC124909402 78.0499540846629 -1.23748040182672 0.339014782374779 1.56615239694241e-05 0.00145405618300186
ABHD17C 49.8871041189779 1.28629727435492 0.352164154229786 1.57226739852023e-05 0.00145405618300186
S100A10 426.500895192585 1.59310822075512 0.442684887822899 1.61100768455349e-05 0.00147621511498351
CKS2 88.4585054167466 1.21875455562422 0.333555764353373 1.60940014006271e-05 0.00147621511498351
ADCY10 332.692792991557 -1.35115879362475 0.373676809737543 1.63117719156634e-05 0.00148787194423421
H3C1 40.1785740782982 1.15910071674655 0.316582828549069 1.69588358274237e-05 0.00152057676087679
LINC03027 22.7902063056328 1.93846256463814 0.539621767310017 1.69970126114365e-05 0.00152057676087679
LOC105378477 17.2065120221457 4.40169293290277 1.20723338957419 1.70359397265949e-05 0.00152057676087679
MYRF 262.596156019622 1.09144025386158 0.297522432978734 1.68923048787237e-05 0.00152057676087679
TPPP2 174.539573459767 -1.28107968138717 0.354259594307371 1.70509208268123e-05 0.00152057676087679
UFL1.AS1 442.801481074518 -1.02275594139943 0.278783085965003 1.77244197814751e-05 0.00156665048475552
LOC124902139 115.401308566744 -1.18561370247134 0.327821744589798 1.82149292320413e-05 0.00160291377241963
CCNJ 104.229413953143 1.03360827305968 0.28175506962554 1.84321564038068e-05 0.00160786356472683
GSDME 128.275961361704 1.32506342597065 0.368900957608936 1.8986397632628e-05 0.00162082170559562
LINC02175 39.0663605305488 -1.07851461291197 0.2957168406353 1.89615307323728e-05 0.00162082170559562
CCL2 169.43830841634 2.14588544708472 0.611876933063079 1.87547886913296e-05 0.00162082170559562
FSTL3 242.688594404532 2.32926458476806 0.66545195579802 1.88611985006628e-05 0.00162082170559562
TAGLN2 910.737247035829 1.27211773314666 0.353537150995832 1.9246950149986e-05 0.00162914015337339
LOC105373903 143.453071186509 -1.62425009057516 0.461085354820028 1.95460206073616e-05 0.00164747387195213
ZNF703 25.7762556289553 2.36853120061772 0.674133002779878 2.00108712356127e-05 0.00167272600903606
LOC124902950 39.9028071609941 -1.42897278907303 0.401328066190282 2.02107213967479e-05 0.00167522560423833
CYP2B7P 1357.39365595636 -1.35827993160738 0.382888570210235 2.01592029452778e-05 0.00167522560423833
SPSB1 298.925837383706 1.55724082201806 0.440684447132595 2.08730284992534e-05 0.00169495779390685
NRIP3 12.5816253903989 2.44945843518386 0.685874560240898 2.07355762146432e-05 0.00169495779390685
EMILIN2 127.57573917028 1.79053170897339 0.509611226364296 2.06641488847589e-05 0.00169495779390685
CADM2 31.5747241808684 -1.48109748822168 0.420451628908689 2.24046649977364e-05 0.00180465962901122
TNFRSF10C 46.9113657505938 1.26922614891294 0.356444216986479 2.28341112950048e-05 0.0018064920416212
GDF15 52.7499782964971 2.26537579510463 0.656390785645046 2.28527596100625e-05 0.0018064920416212
EDA2R 69.2820721298991 1.92771855834553 0.55388360044065 2.26809346844388e-05 0.0018064920416212
LOC105374498 4.70257743135554 -4.48756879538693 1.4141453584269 2.387446719804e-05 0.00186295451854706
S1PR3 190.631186736601 1.33609273768662 0.379929855831745 2.43872380945619e-05 0.00188092458755587
SPRING1 368.197896905741 1.19287395956149 0.336432611005026 2.43569422202418e-05 0.00188092458755587
LOC105375781 10.0229899729403 -2.55233183367841 0.734083261550189 2.44863247003396e-05 0.00188130316236148
MRAS 220.830026841167 1.26231845157008 0.358198864869411 2.48884350723713e-05 0.00189107859984555
LOC105374534 32.356450259327 -1.43157044085778 0.409092614022756 2.51800035406499e-05 0.00190528693457584
LOC124903332 1258.61899814663 -1.01490976468984 0.284321450878705 2.56839006031608e-05 0.0019144089494356
PLBD2 394.450464909029 1.05288141487415 0.295564335485655 2.60316189059311e-05 0.0019331138262635
JUN 247.754100885316 1.07869726794593 0.303937604947082 2.68937187880963e-05 0.00196083136365264
SLITRK6 59.2899996547163 -1.28315496131603 0.367848515460662 2.68750990961544e-05 0.00196083136365264
LOC124907972 53.1118148535862 -1.82093235674122 0.534507931228806 2.86782927280414e-05 0.0020533246434959
F2RL1 251.510532763938 1.60209691956624 0.465528629146385 2.8505262107062e-05 0.0020533246434959
IFI30 1023.33175696237 1.10745294585988 0.314690853698065 2.86350117098845e-05 0.0020533246434959
GATD3 66.671291640519 3.20124881998756 0.959548878255247 2.88666723787745e-05 0.00205943088370857
PGF 36.6163255137755 1.79789767103068 0.525512685909725 2.95279574725896e-05 0.00209911202303363
LINC02937 127.964285787787 -1.06928669437607 0.304738986382886 3.03021677507058e-05 0.00213892615896855
SLC1A3 236.59798081479 1.75890982937556 0.517045109289266 3.0859695225341e-05 0.00217061011204723
LOC124900291 13.3709470890382 -2.31050448814037 0.682337601921653 3.15643781256093e-05 0.00217531645663219
LOC105370276 44.2704384677919 -1.4003284012346 0.407904494431488 3.157998460269e-05 0.00217531645663219
PDE4A 47.9212902675123 1.4421960572107 0.420483617038646 3.23168472928079e-05 0.00221264541436063
MLLT11 27.817259539393 1.32410033591559 0.382267010070282 3.2594273072652e-05 0.00221463673094998
TIMP1 2658.50077880234 2.45063438545287 0.73598360920913 3.3345181778541e-05 0.00225797746172249
PTCHD4 272.17639461929 1.18409821832339 0.343030070170123 3.43199364841414e-05 0.00231613192975408
CLEC5A 32.8099459639461 2.87763138588626 0.867344277407901 3.54085643695119e-05 0.00238155381092717
TREM1 18.9778551397299 2.50074757124508 0.747122387757713 3.63316143075445e-05 0.00242729206490806
ASB4 295.69419725401 -1.51650752596372 0.451011457998393 3.6621824426256e-05 0.0024385252157963
EPHB2 62.0785273817495 2.00751409120584 0.60632335562136 4.00619808356309e-05 0.00260128502579479
NPIPB15 113.006828106895 -3.09695267733691 0.959983403502751 4.01144453178043e-05 0.00260128502579479
MYH3 129.047563714006 -1.12925681528982 0.331108778666922 4.02381394158284e-05 0.00260128502579479
EGR2 19.0406305747294 2.09037058531237 0.625908691113754 4.12023597897919e-05 0.00263800749731053
SNORA63 811.039696169933 1.43970625627255 0.42771853426945 4.17287927831394e-05 0.00266317688382107
COL28A1 95.600460337815 -1.20554692387549 0.356693495046339 4.19689284178828e-05 0.00266997233782047
TAS2R19 11.2887924355903 -3.01782403687392 0.913500680549372 4.22940865618285e-05 0.00268124061420758
SELENON 551.75053933807 1.26436199554534 0.37484322315877 4.28881078366079e-05 0.00270262726228416
LINC02747 37.9579024583694 4.23901555594155 1.33282665749472 4.62972686327752e-05 0.00287215601928049
THY1 381.672180264338 2.96356996548077 0.931291758086822 4.83619355361945e-05 0.00298172229713278
GASK1B.AS1 62.5205315884315 1.36528404470982 0.41173465806536 4.86064543757522e-05 0.00298757702341547
WIPF3 33.0260560043248 1.67908051677125 0.512084090515659 5.03438770369992e-05 0.00308487511561686
LINC02899 14.5175479668344 -3.19537087750988 0.99269703121096 5.06048851130682e-05 0.00309138588690719
MARCKSL1 259.461215391679 1.26092854614859 0.380120741081258 5.19531497370491e-05 0.0031544562892015
CTSLP2 21.3950443259363 -1.48010359478677 0.449159314247199 5.1893089382606e-05 0.0031544562892015
LOC100288175 9.10782601913889 2.36566012574293 0.704646111452288 5.29099150041944e-05 0.00319529336155019
NTRK3 44.0836308213119 -1.96461090320277 0.61114463595543 5.39237066754018e-05 0.00323477466831179
LOC107985138 17.2823661286074 -1.75838667030023 0.544049420328517 5.42338817716527e-05 0.00324364078524112
SLC25A33 163.354688524071 1.12705018784652 0.338033130552313 5.46746343282994e-05 0.00325053718851818
E2F5 46.0487561055624 1.19130634846061 0.358666851900544 5.57350660341732e-05 0.00330374978961022
TP53I3 199.763581791319 1.92532531907044 0.602684500646944 5.90370909626338e-05 0.00342655948467279
CD80 42.9452004944806 1.01239960465019 0.300998171308985 5.91513125367857e-05 0.00342655948467279
PLAC9 27.7929110450606 2.09045487172784 0.653189978874505 5.96644625458872e-05 0.00342689287956974
TMEM132E 36.3850888867851 1.50625708857905 0.464168589155542 5.93828872065162e-05 0.00342689287956974
LOC105378593 43.5870289421854 -1.11815463790073 0.339008203706559 6.08658583162687e-05 0.0034838291854607
LOC101929643 24.3795203828942 -1.50996191806278 0.467403451220981 6.18600748737065e-05 0.00353061958764903
LINC02532 990.043558607438 -1.07780877401757 0.326801295890707 6.22236490519592e-05 0.00353699580242289
LGALS9 185.268181257007 1.16879650555156 0.355608842435355 6.23259172233109e-05 0.00353699580242289
COL1A2 3400.40800433538 2.32345262348003 0.739552841571676 6.27570890222647e-05 0.00355137566659705
GJA1P1 9.67894711674889 -1.924466307953 0.59338910058443 6.36892876909454e-05 0.0035939469234868
CABYR 21.6054677864667 2.5206400358713 0.799537337517927 6.77514549775526e-05 0.00375945295730998
CRP 8625.59330213894 1.96020013736738 0.61631864396823 6.85972338652678e-05 0.00378672030386553
ADCY1 3673.6889522929 -1.13728290179217 0.349566009498454 6.89466608324342e-05 0.00379415563853638
HK2 68.9604155189711 1.04749621118821 0.318247796028729 7.04390544952829e-05 0.00384970029125108
LOC105378120 214.006296248136 -1.15332594976252 0.355782953815673 7.07268725915671e-05 0.00384970029125108
AKR1B1 265.840724238643 1.77080828911468 0.562533662015887 7.06298284774954e-05 0.00384970029125108
DTNA 301.430370998805 1.81120549811355 0.578189161113171 7.30653076950354e-05 0.00394473672031358
NRXN1 23.2783407577423 -3.32512498532813 1.08096943821217 7.53342866419924e-05 0.00403452469158295
MX2 130.104351909734 1.02754294951186 0.31512215628785 7.7898816007453e-05 0.00413858177809809
SNORA80A 13.3680935555849 2.11141004731227 0.67367198379902 8.23066057439305e-05 0.00429283748391842
LHFPL2 402.780842929726 1.25961148345642 0.396747537263326 8.32288184225377e-05 0.0043296324916891
RRS1.DT 235.727855810078 -1.08546415422622 0.338437289424222 8.50041045714894e-05 0.00437639688896926
LUM 3065.78410547706 2.2995703354608 0.755342814405452 8.49089176896754e-05 0.00437639688896926
MTMR11 79.2622491891387 1.23094261258936 0.387786400698544 8.70415865393459e-05 0.00445758758482859
LINC01876 31.5101257930357 -1.66800500165217 0.535401798717387 8.6849312102126e-05 0.00445758758482859
RPL7AP34 185.840843812072 -1.59392806626113 0.516410823825534 8.79199793963989e-05 0.00445758758482859
NECAB2 214.783489912045 -1.43472912440803 0.460990953041265 8.77867606533164e-05 0.00445758758482859
HAVCR2 213.226250302891 1.07594575835266 0.33666295080376 9.16732958061764e-05 0.0046127600932599
LOC124903835 34.5032342961002 -1.04185545911282 0.324900164639431 9.31434473893445e-05 0.00462844155484961
FCGR1A 23.9033147965065 2.10779480065441 0.68653026880416 9.29414199231694e-05 0.00462844155484961
LINC00402 50.4036212687766 -1.79165698069485 0.587188961495849 9.36911582223632e-05 0.0046326103382424
TMSB4X 5157.35509987223 1.28131423834463 0.407704697933064 9.34698599185105e-05 0.0046326103382424
LOC728989 31.1354117538962 -1.66463581002711 0.543241693903767 9.56747208530702e-05 0.00469555833317179
LOC105375470 20.5059008669826 -2.96560920863727 0.991331942256836 9.59044753671451e-05 0.00469555833317179
FJX1 22.9846149088954 1.84703000873223 0.604712768665467 0.000100700475100834 0.00484721130268496
LDLRAD3 60.363281239127 1.26523275178516 0.405302107324483 0.000100692847009506 0.00484721130268496
ANXA5 2211.22702140757 1.30152033884051 0.419551532704872 0.000102719214706809 0.00493249767544044
IL18 181.808806308844 1.91923948438353 0.638217088618546 0.000104073324023919 0.00497360937966938
UCP2 166.81493441178 1.40840051268917 0.459468525903496 0.000107117960067152 0.00510689348520628
LOC100506606 49.9248223182473 -1.23214433403341 0.398411297680554 0.000107911451909233 0.0051278689651034
MYH7B 22.8478625212336 -1.66297508444382 0.551102478155249 0.000108605857981567 0.00514102042426487
FAT1 6070.22557766417 1.09369908696104 0.343547381146152 0.000110372815760163 0.00517560414935449
LOC124903530 12.2576827508811 -1.77060368464045 0.581040909091195 0.000114186622049197 0.00532942047209056
C5AR1 105.136713751651 1.50564131955645 0.497321095265763 0.000114826727181782 0.00533436907484483
UGT3A2 17.0543239234415 2.4785006427477 0.828063982139359 0.000115199695906217 0.00533927871327746
LOC124907766 52.6114680582539 -1.1473756598119 0.370715843639915 0.000116875062054107 0.00537735555115068
HNRNPA1P53 19.8935048961235 -1.61096755661677 0.530048090621222 0.000117367191645059 0.00537735555115068
PHLDA1 519.833102114482 1.15273779519524 0.371623014982789 0.00011643104220842 0.00537735555115068
PCP2 20.2419190915787 -1.47263118874492 0.484563703054873 0.000118612500282426 0.00540959658822317
ZYG11A 138.613378749198 -1.22325340819934 0.401526626757263 0.000125678497751587 0.00568112273635713
SCAMP5 78.8188564360299 1.67402825411674 0.561864332338439 0.000125510870150403 0.00568112273635713
MMP24 35.7347756568593 2.28092835346328 0.781614813123502 0.000125703656861727 0.00568112273635713
SERPINE1 1113.93753945195 2.05748854457998 0.701133441719589 0.000126738051425121 0.00571494202092148
PDLIM1P4 114.046836145772 -1.19756924792726 0.394797586912304 0.000133576816441442 0.00594282958849499
HTR2A.AS1 27.3506302437299 -1.46962983057303 0.491939120685928 0.00013656379191182 0.00606221846051226
LOC112267900 1132.4603812414 -1.13090445019843 0.372001116903624 0.000138808462211238 0.00613459699365419
THBS2 1775.22577826792 2.59113653787798 0.90622102134214 0.000140437623998516 0.00619289619645553
LRRTM4 17.5644142872773 -1.88486099278385 0.646281665261608 0.000145615924623926 0.00636504094154825
EIF2S2P3 18.0442369720029 -1.27407759248674 0.42229478612453 0.000145326326797287 0.00636504094154825
CAP2 185.006151369737 1.06231766850754 0.347739559207178 0.000146311571288099 0.00638148460273158
RHOG 157.836929444417 1.10143794713886 0.362396511751309 0.000147476799779406 0.00640434033129005
COL5A1 1220.3878118242 2.40272048205546 0.844945430646726 0.000149042893730775 0.00645830985936215
COL4A5 129.956793126046 1.09977612418094 0.362475770820806 0.000150577750946271 0.00651069513615305
PLAUR 41.7602374628834 1.58634793519177 0.539708966994618 0.000151576048726576 0.00652561023569415
DCN 9360.59039423749 1.12428687781478 0.365261134317987 0.000153851137269351 0.00659151755109893
ADGRE2 163.44245331158 1.27411556295298 0.427986000963875 0.000154580082278698 0.00659805923845997
IFITM1 791.776714228322 1.24096483730039 0.417234571413769 0.000158996648259195 0.00670066887262802
SOX4 211.259229116446 2.21745988237944 0.782837048110552 0.000160078600680308 0.00671792043527274
LOC107984699 60.9804215144427 -1.20550886572477 0.405933251432518 0.000160008709591195 0.00671792043527274
LOC124902632 13.2067792666974 3.09179554391967 1.07357922115241 0.000161862534901407 0.00677854506748533
LOC124905970 9.08365430850594 4.23773111007356 1.37430442121841 0.000167302247421444 0.00692186389071555
SLC3A1 860.580257381647 -1.21708041774412 0.413483806612623 0.000167826422344232 0.00692665415857102
DPEP1 25.2062871422749 3.48113680377472 1.25051998982369 0.000169757016768157 0.00698726434320883
LOC105376455 56.8312477770823 -1.28139776729339 0.437706236883907 0.000172545182921505 0.00707754121979462
LYPD1 29.6032623045809 3.03935223146742 1.09765483343694 0.000174002952255877 0.00709363872298652
HDLBP.AS1 84.4714934571009 -1.26265990701879 0.43147394784873 0.000173577052403263 0.00709363872298652
ADAMDEC1 11.6408659752776 2.13292877182336 0.730932333900746 0.00017485052755863 0.0070992157286813
RNU6ATAC35P 24.3912119845589 -1.09456778829752 0.364981962825999 0.000176096764583977 0.00713531231101323
TMEM165 460.700030004257 1.0268342623646 0.342598766380642 0.000177365699557099 0.00717218059585547
UNC5B 217.281422232377 1.20930209490404 0.409837923704875 0.000180516476587613 0.00724095810504852
FAM201A 19.7909463004502 1.75045674600883 0.607529238236848 0.000184171978954725 0.00735803890319919
NCRNA00250 10.2256748230791 -2.41198493580642 0.84465925530732 0.000186140441817305 0.00741020944291067
LOC391322 22.927356484675 -2.91589962664192 1.05114937246583 0.000186244592477891 0.00741020944291067
THBS1 2623.93623171457 1.61679861585996 0.565052462739322 0.000188714531921148 0.00747968549535088
SNORA80B 14.9374867375785 2.66229803291059 0.946192019474822 0.000191286531094876 0.0075516595753977
KCTD13.DT 38.5478303615626 -1.15020811750072 0.390745951848284 0.000192514859104895 0.00757022997141609
KBTBD8 54.5238140384657 1.08427566851876 0.366101266426666 0.000193812066712879 0.00760626688537617
DNAH11 169.314436886268 -1.80671099757873 0.648166972658426 0.000198591656227099 0.00777856259763241
SLC38A1 787.475536841426 1.42175203576502 0.498462653503948 0.000202457810375403 0.00785300431079428
S100A4 140.050616767173 1.47519159389659 0.518246499533005 0.000205705258145011 0.0079323193856966
TAS2R20 11.9335522435157 -2.87690311313281 1.03299135697847 0.000206063738531606 0.0079323193856966
CRYBG2 8.71443459982253 3.65030057267637 1.23413589479769 0.00020692472264199 0.00793523049229612
LOC105377459 11.8281718145243 -1.96041243653256 0.697158864899457 0.0002071287482906 0.00793523049229612
LOC100419170 11.4967987093313 2.42816654977462 0.859480145357522 0.000208183096556011 0.00793523049229612
ZNF45.AS1 27.8914535043746 -1.64925348904679 0.589829718622504 0.000209281330842051 0.00794791609296733
IL2RA 14.3078120169999 2.07775955161672 0.738484102069365 0.000210635599184075 0.00798416836679521
LRRC32 404.545174573249 1.65635519306147 0.590010373516644 0.00021130050918806 0.00799420259761495
FAM95C 43.1032327111099 1.33752189665974 0.467585157553553 0.000213432851530068 0.00805961179993315
GOLGA2P5 491.933535250705 -1.09036323294934 0.375163176628711 0.000219301498014602 0.00823024706013413
LY86 79.2262249268845 1.06220846067535 0.362963145821092 0.000221377601945151 0.00826586724571277
TCEAL9 211.815714259325 1.23723151135675 0.433697690561988 0.000227903407014544 0.00846207891918688
LOC100131471 12.385487028102 -1.4946845876712 0.525043763161564 0.000228790415647512 0.00846355063513833
MYLK4 52.1588521508361 -1.05982880010123 0.365371230825234 0.00023011575962291 0.00849684364921859
LOC124900663 7.33398430981525 -2.09073354988375 0.734251130439023 0.00024097667692401 0.00873630779847048
CCAT1 77.3512845223463 2.8698955683623 1.08629187627312 0.000241082202082678 0.00873630779847048
SNORD10 216.649774723275 1.24007465003013 0.437688920570674 0.000240001022051785 0.00873630779847048
LOC124900469 51.7378757937515 -1.16424738905763 0.409610177915489 0.000240751629455656 0.00873630779847048
CLIC6 43.7625367894154 2.21503373500273 0.823227486773956 0.00024495049974922 0.00883236675630038
SLC12A1 23.6887382988684 2.47606659921074 0.920314800917035 0.000247151373458781 0.00887966877016656
SNORA73A 3969.47466170079 1.10522702478593 0.386567478195576 0.000257750452451546 0.0091616068294877
PCDHGB8P 64.2553784046677 -1.09002640085522 0.384369865989473 0.000268120699100563 0.00944617122616023
HSPG2 2732.89623455921 1.02195056855673 0.353690321519046 0.000272910801056278 0.00957670906718069
LOC124903080 13.2709916535903 -1.97352273378962 0.730272870846 0.000273264125365088 0.00957670906718069
ALDH1L1.AS2 20.5918248755927 -1.36576987233824 0.492272539287843 0.000274699005115119 0.00960868217551723
LOC124901255 11.9294688145195 -1.80065166879298 0.660784335744552 0.000275138476391463 0.00960868217551723
RN7SL473P 61.5679164793197 -1.23167946310599 0.443582175814828 0.000276430220994123 0.00963694606383701
FKBP1B 18.9413934629782 1.42793625181347 0.51457243808583 0.000282961261744157 0.0097928072355227
LHX6 33.1510570997544 2.5674280231857 0.981126567854192 0.000283850744824526 0.0097928072355227
GXYLT2 44.298633209876 1.9409169859214 0.728555687516294 0.000285499057890409 0.00981605710915459
LOC105374493 324.562366345289 -1.42487379516066 0.525260597204913 0.000287295920421931 0.00984395078275899
SLC7A6 165.770013570568 1.37315790365294 0.501144966462807 0.000287832221580437 0.00984543914090894
ATP1B3 181.455961641816 1.31195036974588 0.476176261767949 0.000293516678729831 0.00993777826153745
LARP6 52.3881814881503 1.08977423797033 0.385605795508822 0.000293457054519689 0.00993777826153745
TUBB3 13.5382756499596 3.78601433436672 1.41310725906916 0.000293019391924469 0.00993777826153745
CPZ 48.9640392411617 2.26119315932386 0.86739855210375 0.000300462996826423 0.0100874770161422
LOC107984877 156.6632158288 -1.03500468438946 0.366966976658354 0.000300163663072428 0.0100874770161422
PNRC2P1 6.22497438608691 2.53931079873939 0.88488254918097 0.000301166685192749 0.010094137086259
LOC124900676 34.7366164891923 -1.46475403332554 0.545905781127699 0.000306902087872466 0.0102543718040057
LOC124902745 6.94447760849818 -2.09267316996838 0.76268879235798 0.000306974085842781 0.0102543718040057
LOC105370413 19.6083001585321 -2.15392822926239 0.821686614505476 0.000311878483093084 0.0103661973016097
ALDH1A3 112.282685388184 1.24264274536297 0.453313445238383 0.00031245533502371 0.0103681192233117
LOC124901333 17.481138557197 1.84714272486881 0.690138458178687 0.00031580942344844 0.0104620382136087
COL4A1 3851.43067406451 2.19559591075859 0.846460625766078 0.000317642709219424 0.0105053489393497
CAPG 153.735543171234 1.82551094534925 0.697196906074872 0.000321745303085466 0.0106234449164219
TNFRSF21 298.724070254041 1.16783178618137 0.426212496449428 0.00033496556338671 0.0108624546983976
IGFBP7 4961.09807097672 1.69232917796741 0.644466920656179 0.000337159267737934 0.0108974981582112
LOC102724070 14.3286298496653 -1.41669621839748 0.523432955219798 0.00033877384642817 0.0108974981582112
DIO3OS 61.0122712045177 -1.82837614441302 0.70446488452979 0.000340276795607007 0.0109107050867505
COL3A1 396.071389379705 1.8166021622732 0.700712770152552 0.000344771004487822 0.0109929228043282
TUBB1 14.0318679259076 -1.7293937544081 0.657599638608231 0.000345592487040355 0.0109929228043282
SLITRK3 53.9740480865269 -2.75929221472182 1.11906756350575 0.000346310617976903 0.0109982526306942
SAMD11 62.6780050984888 1.24774355213745 0.459046305553549 0.000347523069871734 0.0110192394345361
LINC02021 42.8011367846382 -1.10792500806731 0.403468541313509 0.000349626875863895 0.011050864671293
SCIN 14.8743678146185 2.10004773195791 0.802085018192376 0.000350212879862327 0.011051899665292
LOC124901699 238.508717194846 -1.18324384028577 0.437635671735237 0.00035258025313698 0.011091563994747
STMN2 144.756208744903 3.95554407906994 1.68630602024264 0.000358402830769552 0.0111846681369693
ASPN 74.8890336804136 1.26993897860408 0.473223778488387 0.000365009434318028 0.0112870409596547
MDN1 5823.9903059685 -1.10851176383897 0.408558651579588 0.000367306748492893 0.0113401322909166
SNX29P2 204.188761297608 -1.17283433052949 0.435263400562897 0.000368429408130001 0.0113401322909166
RPA4 32.6786221769821 -1.01101649220541 0.364795625000227 0.000368283693573119 0.0113401322909166
TRQ.CTG6.1 10.0644192400145 1.96517454526997 0.738213089704266 0.000370072178534525 0.011355701748703
S100A11 409.831251868227 1.68201942802128 0.651637155918085 0.000375347331614793 0.0114352210550925
RPS4XP16 29.5235708389025 -1.0697854097211 0.390039100589772 0.000377700218299061 0.0114490736885312
PAQR5 121.021661611709 1.30505902484084 0.492354818676168 0.000381856301890738 0.0115400325061564
LOC101927845 10.6478606679472 -2.11793707984133 0.814309489709962 0.000387414034554478 0.0116375680515192
MAGOH2P 93.2515964262206 -1.12165692665757 0.417694756974836 0.000393662443698808 0.0117721571486937
LOC124907725 48.3515152628224 -1.28267955877469 0.486377972372499 0.000394676971356893 0.0117848537815027
LOC124906057 7.03330780635625 -1.92729583543408 0.728610638924871 0.000396370430099868 0.0118001426403502
PRR16 18.8092528355838 2.64998880391357 1.06086252660471 0.000398795236771378 0.0118546631692635
HTR2B 165.409974511159 1.49615806096525 0.578115504351514 0.000402830319084762 0.0119037551095225
EIF4BP7 29.2103149390017 -1.00113781014124 0.365788920781082 0.000402469947470711 0.0119037551095225
PCAT18 13.7853090079686 -1.80900276622856 0.702469666967365 0.000406346918286758 0.0119722507960122
TLR7 121.01495469303 1.76605526841807 0.695167509082059 0.000407672957092315 0.0119855498085635
TAP2 12.6275333369166 3.94709123534119 1.54709085449279 0.000410232795888891 0.0119982581708294
AASS 5818.34830642963 -1.42088542985828 0.552342063890245 0.0004102012777707 0.0119982581708294
GPRIN1 8.1892110858453 2.43228463728323 0.919428311449745 0.000413312367496017 0.0120530333621904
FPR3 475.473662443084 1.13910821070027 0.425888506892943 0.000417710762664168 0.0121281834229352
DAGLA 43.2698431528106 1.48626243227001 0.575413342073377 0.000418355659577245 0.0121292781650436
LOC102724687 620.127343177619 -1.00343882870091 0.370356856508358 0.000422334419400201 0.0122091929984637
HTR7 23.3592780542563 1.46278615641721 0.559917451833991 0.000423824452435432 0.0122206310823758
MIR644A 18.9882439432798 -1.18212089578888 0.443004984117975 0.000423953611337927 0.0122206310823758
GAL3ST4 35.3162000537895 2.53244098220391 1.03675443668266 0.000428933298299969 0.0122405308097717
LOC124903698 154.735067854632 -1.17149258527941 0.444128454935299 0.000428901314001194 0.0122405308097717
BGN 2158.71448068437 1.28004569950773 0.48194225933257 0.000427980737827992 0.0122405308097717
SNX31 10.712447145494 -2.13447634900505 0.832955868885125 0.000430841914969837 0.0122647815835609
LOC124903217 56.8345007366431 -1.14652283263813 0.432726672219167 0.000431011046839196 0.0122647815835609
LOC124909447 19.8122290262593 2.08431769061201 0.826854230683222 0.000432861007842425 0.0122999025500146
SNORD13 172.09091739952 1.0053648107791 0.371641372733022 0.000435463582413775 0.0123562791509909
LOC124901754 8.18838954667541 -2.37369465796759 0.918779475981741 0.000446935946842046 0.0126458816913834
FCGBP 21.5245031265509 1.78673792336299 0.705784027144605 0.000447988752680217 0.012657741617454
LINC02275 61.9983149295211 -1.25795298770784 0.487316218402006 0.000458286288617481 0.0128785335477859
CD24 722.64378134881 1.98498145767253 0.806944227648395 0.000457114348233013 0.0128785335477859
HSPB8 112.590463084279 1.91871042596432 0.77975445215527 0.000462481099619121 0.0129391070672151
RPS16 1151.65491646928 1.17287202341638 0.446435660658779 0.000463551584474977 0.0129509181139471
RN7SL321P 35.5906049018426 -1.30901453488061 0.51142642781118 0.000465217708162649 0.0129793141595769
MACROH2A2 122.992697151275 1.27946791449663 0.494906267608073 0.000466504643237448 0.0129970666015499
PLN 26.4985597045469 -2.50314051159996 1.0381417864065 0.000468526583030307 0.0130352186944476
LOC107984867 18.5258729345055 -1.51547267875797 0.599812698342048 0.000479288380627613 0.0132424131278246
AKR1C8 5434.06794279691 -1.04521624407915 0.396444604692458 0.000486405423403649 0.0133651096807583
MROH2A 230.162095232007 -1.21887486384968 0.473986268744909 0.000487078440674853 0.0133652183117045
LOC124901710 157.250875184443 -1.21306180877297 0.471956260589287 0.000489853147526571 0.0134045294177956
LINC01605 11.2865241279457 2.57629649473145 1.04362871728289 0.000489598815596953 0.0134045294177956
SLC22A15 154.740168861769 1.8307536805715 0.74827634549666 0.000492255621044961 0.0134518444404845
RGCC 55.3168569740877 2.25139946592902 0.941124478900198 0.000497345475325516 0.0135353858516383
LINC02348 25.9762613995648 1.15572776573264 0.440572880461066 0.000496675017089514 0.0135353858516383
UGT1A3 443.414230346674 -1.5095544567497 0.60846863167642 0.000501577369222788 0.0136319857518291
ASS1P3 5.2553117601295 -3.5506449231283 1.35302147278901 0.000506341001032583 0.0137241083264951
RARRES1 122.846899170748 1.58156696444772 0.638844087336215 0.000513454360327988 0.0138452609420206
LAMC3 262.331125593616 1.66621178622294 0.677543185526554 0.000517472995675983 0.0139313215116219
CYTOR 61.6333685767092 2.18198147434065 0.916570478496596 0.000522074433911935 0.0139849812750587
LOC100129175 9.36909993019664 -1.87166368377763 0.747726625573266 0.000520997263758258 0.0139849812750587
ANKRD29 125.059948581073 1.11460231829277 0.429035679866015 0.000520479584561212 0.0139849812750587
RN7SL566P 86.1359020137724 -1.09786207624718 0.425984329005349 0.000532255024376148 0.0141764351559173
TSPO 188.097138295736 1.08939452582421 0.419890536759885 0.000535569925098647 0.0142457321221978
SNORA73B 3943.89064803261 1.12593573363997 0.436812600371261 0.000540318517911169 0.0143148577106015
CD109 267.474556906962 1.37572166676185 0.550776214224944 0.0005427420675952 0.0143600205858036
CARD16 83.6567433020925 1.13946809974068 0.441229704237792 0.000548453570229505 0.014445466757106
RORC 2069.96546840366 -1.01227943990553 0.388540002669299 0.000564234320211404 0.0147528381552896
NANOS1 6.28198677785142 3.1744967478218 1.18950759779548 0.000564235500132222 0.0147528381552896
SPA17 33.7966447066646 1.60849306276809 0.657117474343864 0.000565008872520892 0.0147537480228462
LOC102723407 42.2486925717568 1.84373140325383 0.76983523591493 0.000566698147943697 0.0147595572085476
CCDC9B 118.776412100389 1.10582372280738 0.431190493362362 0.000571716922542724 0.0148512577954661
LOC101409256 23.0391610352431 -1.29079569710889 0.513836095180518 0.000575804819400618 0.014873183748222
LOC124900413 13.5982609240175 -1.63899464729616 0.669058449290779 0.000587585528888612 0.015125318228826
LOC101928622 29.4758525120286 -1.37456644370982 0.558097106857655 0.000589093369205607 0.0151256158653614
AEBP1 1155.9679810626 1.80154689017875 0.753849006471885 0.000590552580733133 0.015143617911072
MTMR7 28.1100945151181 -1.38166010440624 0.561580296009913 0.000594304660673614 0.0152202947456617
SERPINE2 238.800142467902 1.5285531094933 0.630890525958063 0.000598455929392662 0.0152874113114422
CD151 1299.7205820568 1.06084349364992 0.414629579186977 0.000604932108106724 0.0153873406790149
PLP1 10.7447312924584 -2.65017190128001 1.14354541838833 0.000606219318901919 0.0153873406790149
NTM 37.6543371578993 2.64770031368345 1.16763744456719 0.000609218962204667 0.0154242813548801
FAIM 90.3732176322838 1.03743295938907 0.403358648022317 0.000613452048378682 0.0154531123813525
RPS11P5 11.3869447397203 -1.39127076091334 0.561961170044075 0.000621644286755278 0.0156004601409842
LINC01426 22.0200348634732 1.67694208575186 0.694534542238742 0.000620806363537109 0.0156004601409842
RAB3C 29.5257260991831 1.72526961484637 0.721502800296278 0.000623900563904752 0.0156178416849139
PDGFA 106.498052192953 1.47021110439882 0.611852595691024 0.000651837798568411 0.0161552256379685
LOC124901034 6.06834101793842 -2.41862616855143 0.980116248141604 0.000657432861321267 0.0162737036403391
LINC01352 26.1310444604484 -1.36439220247564 0.564473150507869 0.000659860020997498 0.0163135690339679
SLAMF8 103.418504399842 1.70014483115148 0.723562452859365 0.000661049414760688 0.0163181258403101
DKK3 302.751593850247 1.5069211038984 0.633023705720877 0.000668956079622122 0.0164496168645031
IGKC 2943.24613309195 1.24118270880547 0.504025387392491 0.000674826464655607 0.0164997961541743
PLAU 100.073130800635 1.78345504856281 0.767777308700373 0.000676725481936416 0.0165058220111866
CXCR4 137.58046906619 1.44357891546267 0.604705541988079 0.00068019321560267 0.0165701703352182
CYP4F12 1470.4736328659 -1.14603346517507 0.465338933388763 0.000681458787855991 0.0165807804460552
CDH15 11.5821682452693 3.17094270998889 1.37236149266906 0.000694330962686619 0.0168070352613099
CHST9 1070.66009840868 1.0859854921346 0.435495710752618 0.000697680404887529 0.0168377692405878
LINGO4 36.0447827037057 -1.63651663621408 0.698936061137199 0.000699501146836777 0.016855530650436
LOC124902138 61.7540341822718 -1.08959149628442 0.438516745672558 0.000702586205439694 0.0169094723371847
LOXL1 48.4262109777567 1.98539501971625 0.871139787439604 0.000709043170557942 0.0169830292266972
RNF152 2721.95737653419 -1.14414555343901 0.467699704968623 0.000712136748214515 0.0169959900625247
CKLF 51.4416820176471 1.06936061612454 0.428744308574176 0.000718478007855372 0.0170869202007944
NR4A3 15.8319155008176 1.72772920155216 0.735792674204793 0.000720184712612729 0.0171063136969701
LOC124900674 130.877919882133 -1.47615630967333 0.630926416884617 0.000723205181351773 0.0171576564164881
SLC1A5 109.481500036268 1.16265362754115 0.474930314823271 0.000726354631192479 0.0172119337042716
LOC107985014 74.682473865607 -1.04164872370311 0.418907213660689 0.000733356275206754 0.0172957791659151
ALPK3 203.981560399401 1.23078602283952 0.510775129702161 0.000744954905530556 0.0174947744506629
HMGA1 102.532840691368 1.13383799390316 0.463839832610782 0.000757065585749313 0.0175854292170646
MEI4 85.0258428691912 -1.67226274492363 0.7371697626902 0.000757596321970695 0.0175854292170646
LOC124901398 15.5417394781256 -1.11460614346474 0.448863350790436 0.000757962282533671 0.0175854292170646
COL4A2 2442.05005815631 1.88987707811999 0.83580910166004 0.000756612311695905 0.0175854292170646
LOC107985488 43.3960923954167 -1.41127996836156 0.604095667397163 0.000765023907487908 0.017700204185525
IGLV3.1 65.8279583359657 1.39244979325739 0.591361647728126 0.000767882627701183 0.017733206209201
TMED3 177.001232251378 1.00591668222722 0.404004173764695 0.00077071712112658 0.017778112253608
H3C2 75.5347515757111 1.39823281927811 0.594221097701529 0.000774174704929749 0.0177918819976981
TMEM217 13.4345126308101 1.84675632670973 0.791614849429146 0.000774579056829584 0.0177918819976981
ARRDC4 1008.08013633996 1.02767274531221 0.414459199773588 0.000775215774332919 0.0177918819976981
COMP 6.62564372970711 2.48444396413932 1.02733562280557 0.000775767381857982 0.0177918819976981
LOC105374287 25.2194411270827 1.06103908627821 0.427304563356963 0.000777749348122364 0.0178168818556105
EGF 7.65623641268641 3.81278856453294 1.54749592164438 0.000782101304304412 0.0178551493197542
BACE2 254.220532598174 1.07040265339537 0.436085090939328 0.000786975358483309 0.0178846641195251
LOC102725159 89.1234022812984 1.62977758756999 0.715839509989364 0.000793472299789463 0.018006671502291
DEFB1 370.642257328434 1.51611173555617 0.65891923657728 0.000794146855903004 0.018006671502291
CCR5AS 6.69619127443066 2.52251220395192 1.04566421994905 0.000799517153620321 0.0180261339285774
LOC105378012 30.1817682080102 -1.62307383771713 0.714053105780037 0.000801551915918756 0.0180313075139562
CYP1B1 543.236793517028 1.1942983445515 0.499714586218252 0.000808011598896208 0.0181311706895139
LGALS1 776.773221475159 1.30055732333555 0.552693704099945 0.000808714111151227 0.0181311706895139
HYI.AS1 5.53534653974444 -2.08627939554209 0.865112976559901 0.000818289159378575 0.018315310297558
FCGR2A 337.206455986077 1.53412168571707 0.672155874214183 0.000819574417539781 0.018315310297558
LGSN 527.197579608664 -1.34017317708529 0.579636688367787 0.000829156023723213 0.018473494764122
TMEM272 76.6157062158081 -1.19996611398468 0.506866004434331 0.000829531678184692 0.018473494764122
ENPP5 49.3109059816856 1.72833019675743 0.769995090821777 0.000832119778871493 0.0184958152324636
TMEM52B 6.94481726815136 3.22596097028916 1.32211733360238 0.000834246872971965 0.0184958152324636
ITGAX 333.145214249075 1.12456074346551 0.466772492566131 0.000835163463139878 0.0184958152324636
CFAP221 109.944697383921 1.65320123305783 0.734317300096832 0.000845250506853143 0.0186365608442587
ADAMTS2 822.687892154257 1.37276808234992 0.591401794027466 0.000850786449478845 0.0187379383845528
GAPT 45.8226926075727 1.62641226138129 0.720291721326512 0.000851853511336254 0.0187407772493976
ANGPTL2 355.922794694869 1.08805751980072 0.452448799402328 0.000865925410989175 0.0189876245992533
CASC19 14.097697823546 3.43686453655283 1.58045877406708 0.000878408848555975 0.0191562174222207
RNASE6 129.421565333747 1.30905171132439 0.565233791363618 0.000880631886172761 0.0191628568171973
RUNX2 65.6104913861967 1.35098766069001 0.586837805979206 0.00088573704741298 0.0192320470207844
HAS2 19.8314789192994 1.15043303465846 0.47762684335945 0.000884984376950785 0.0192320470207844
LOC124903981 23.120254219102 -1.06636225623433 0.443862195019453 0.000886866116893372 0.0192356542356808
LOC124905530 4.91142343926548 2.40046782708858 0.958567561801444 0.000891252235893143 0.0192706649390044
ATOH7 17.8793088601562 -1.22762183591472 0.523471528520203 0.000898192611954988 0.0193135582523281
LOC441081 8.16842258455266 2.46042150754731 1.08701676481086 0.000905561915456953 0.0193263940418462
UBE3AP2 7.73604074732715 -2.56650652489015 1.16813441185394 0.000910156630952407 0.0194037234363984
LTBP2 616.063757367439 1.98616995854745 0.924930027421333 0.000914908812951636 0.0194269648348483
NPIPB4 7.03947053020148 -1.86156912349206 0.81375264387872 0.000924601915519302 0.0195035352316933
HCST 56.7157434246087 1.23827505859666 0.532755144785154 0.000926925241960452 0.0195319183896645
IHO1 13.5757675518576 1.48921353753438 0.649636838549423 0.000931622576184252 0.0196102134687636
LOC124904348 8.23125067462381 -1.53212059040335 0.663500834519536 0.000946182420444136 0.0198752593571515
BCAR3.AS1 126.615387631517 -1.00776381031046 0.421428325299154 0.00095193498864301 0.0198910599718962
PEA15 717.247523600234 1.09507455821705 0.464177463633891 0.000957861677317576 0.0199731157266137
LOC102723324 70.9569490285476 -1.02593911175579 0.429029233992221 0.000958895133805077 0.0199738156338793
LINC01515 10.1419699067084 -1.4894851680697 0.653454641975115 0.00096927573459858 0.0201480250513436
TMEM132A 42.2815340273097 2.18046136335255 1.04223717317548 0.000970586859648362 0.0201543067654217
TRABD2B 197.151258141346 -1.14380202041642 0.493587054193429 0.000980011050645349 0.0203077808586011
UBE2T 21.6173510571016 1.26593964383347 0.545584163484905 0.000979675306646172 0.0203077808586011
LOC112268145 17.5868222164055 -1.61548224269688 0.737884077830862 0.00098206908534319 0.0203082940463929
GPC4 94.5203552589896 1.65771665882858 0.761912969088588 0.000981959356089829 0.0203082940463929
SMIM3 67.9135955903322 1.04763721304034 0.442853485069826 0.00100664897463211 0.020603299095544
LINC01290 14.4567140954748 -1.77580517371303 0.825754204529766 0.00101322125347323 0.0206742673742403
CCN1 106.398633815358 1.5207537271184 0.694668143644178 0.00101547990632475 0.0206992108252482
PMP2 4.54934574755791 -3.38430794654556 1.40798193989244 0.00102270750123536 0.0207212796901735
LOC107986823 77.1044716033934 -1.27504143437578 0.568152519071495 0.00102831459602006 0.0207700832862454
MTHFD2 123.104170668463 1.47540252187127 0.673826367078007 0.00104904607833543 0.0210188008634189
IER5L 62.6394032286027 1.11990673588502 0.483086130020925 0.00105062693841684 0.0210293824867884
LOC105373041 18.4754577182786 -1.25169180895249 0.548305223329192 0.00105574437637317 0.0210684811812493
LINC00900 9.93268465425265 1.78669130354186 0.795703988924524 0.00105793408269026 0.0210911090177851
MIR4435.2HG 143.858568946563 1.65431399464131 0.775098245858023 0.00106037229585165 0.0211186410587563
SOX9.AS1 46.6772491040822 1.35100328304673 0.605953482282155 0.00106369667480974 0.0211637497768918
LOC102723331 182.229989235698 -1.07878142121382 0.468745589236615 0.00107682236109863 0.0212765613108865
SEMA3B 378.942345026259 2.86544877874605 1.53017786386142 0.00110027754270197 0.0216330159380065
LOC124903901 16.1033685580802 -1.31824482155717 0.589349084976615 0.00110487400389847 0.0216807103161846
DCT 24.8438810430514 -1.21581603762385 0.539850884002115 0.00111527754075092 0.0217030651478214
C3AR1 196.259663660947 1.19436741687697 0.53146364667102 0.00112496856851651 0.021839039965681
LOC105376041 57.4223730864108 1.82126262147452 0.877150469056302 0.00112833877810723 0.0218558904630867
LOC105376506 8.64268092492521 -1.46006106846183 0.646754082900372 0.00112758957934274 0.0218558904630867
LOC102723340 103.837310822823 -1.08406640241831 0.475012829432471 0.00113003786297624 0.0218558904630867
LOC101929291 329.608587381386 -1.03186863986247 0.449540413312688 0.00113514685444044 0.0218609090012885
IGSF3 87.7665556724766 1.468646678914 0.682441858533753 0.0011394950530462 0.0218660453214707
LOC124902980 66.1982682440902 -1.07673618244708 0.471370696891021 0.00114952212263014 0.0219950708061873
SOX9 166.320538499041 1.75998312916486 0.852330627137942 0.00116534868603597 0.0222552632430733
LOC105377727 9.22911963460928 1.64379537490453 0.740137861291538 0.00116653412951582 0.0222566244233123
LOC107986822 486.048637090519 -1.27982449906506 0.588795668009468 0.00117642323749637 0.0223811719925976
LOC105369344 13.7210148709255 -1.14913603634124 0.502881055054508 0.00117608902862552 0.0223811719925976
CXCR3 10.1470184800616 1.67843246122029 0.76388943754674 0.00117931309572766 0.0223934965781899
HBEGF 31.5806233282586 1.21964794224693 0.547299802188151 0.00118160468996331 0.0224157030263126
SELENOM 101.743937645083 1.30027903479347 0.595453770429829 0.00118314439280128 0.0224236170688789
C2orf16 319.258787581444 -1.23866551072286 0.566967568486829 0.00118908636464923 0.0224935503979479
ADORA3 52.2640726095477 1.59293788766142 0.758570613416959 0.00119218452127631 0.0225145431556592
RGS9 47.5983000001486 1.29534409785511 0.591941691260931 0.00119245027326228 0.0225145431556592
C10orf62 37.4778413013026 -1.15081622365099 0.516697553399231 0.0011976460724904 0.0225665696015889
LOC124902134 9.27706703886192 -1.4541954702915 0.663204337017077 0.00125023795909883 0.0233190975452457
RGS16 20.1822623172714 1.81508461191031 0.882587255099516 0.00127348101656436 0.0236202941382449
METTL24 67.2302832992825 1.05290039791065 0.464367397151521 0.00127607257841045 0.0236464061468713
LOC124906200 14.7472688163635 -1.7685458794642 0.878519391843284 0.00128239930857385 0.0237196375815474
SLC22A24 20.5715630165239 -1.51568702186314 0.73498745847127 0.00130595110844856 0.0240979336804569
OSMR 773.429636674468 1.04240169088724 0.464179669114392 0.00131797389370255 0.0242208937383373
LINC01852 16.7070815401096 1.1318023600114 0.50107451153847 0.00131586831477163 0.0242208937383373
LOC124905232 21.1091721564535 -1.05008830115918 0.464804838433701 0.00131798715926976 0.0242208937383373
OR13C4 5.41799971365708 -2.0221141184216 0.920394348268999 0.00132350374790372 0.0242553310716741
GPR158 11.7421803898701 -1.56004974469516 0.747310333808046 0.0013261649654184 0.0242818252513272
RN7SL743P 15.1218408368712 -1.39944791622205 0.663191596638078 0.00133542725952761 0.0244066742326839
NAP1L2 30.5330132034316 1.02865131192189 0.455054818979445 0.00134263933060282 0.0244784600386398
COL14A1 1928.31718298273 1.30202825524231 0.611742194051748 0.00136932251443805 0.0248443111248088
RRN3 4.94320064632189 -2.06032149050489 0.941711883083786 0.00137690985530685 0.0249366738618402
RASD1 100.094233537509 1.32462684600103 0.634767446056559 0.00143023318428053 0.0254864746558322
CREB5 107.853118457291 1.47968717946106 0.729873465701396 0.00144786299768886 0.0256178133231468
HACD1 19.4953070731462 1.25576223057746 0.588618121184031 0.00144697749412059 0.0256178133231468
RN7SL408P 10.8417311365163 -1.54800929177167 0.761545853565741 0.00146656522096626 0.0258437946688949
LOC107986299 19.9423028764386 -1.25517247554147 0.600691287979294 0.00149045004990266 0.026139798241313
ZNF385D 91.1168211736372 2.27621111093236 1.27439621306257 0.00152016142979162 0.0265443572740537
LOC124904062 18.8772375140211 -1.05187668017733 0.480213388783282 0.00152185537049739 0.0265507274070356
LOC124904221 33.6000459970752 -1.02066301091181 0.468607429240006 0.00157208049532162 0.0269561201498237
THSD7B 30.2826044136003 1.41138154557162 0.69656388023436 0.00157004665826932 0.0269561201498237
TTC39A 21.3564570559753 1.16738363342292 0.544972578525646 0.00157749317458374 0.0269794551844903
KLF4 59.0794141573914 1.03334763974226 0.474803946983652 0.00158470426962992 0.0270033579222977
NRXN2 19.4460005899706 1.49965027524698 0.747052388111814 0.00158907795533648 0.0270033579222977
SLC7A1 77.6920204121155 1.53508471430014 0.782786784085905 0.00158946634660801 0.0270033579222977
TCP10L 13.5558877861073 -1.15924353738149 0.540307054553608 0.00158684473195795 0.0270033579222977
SAA2 910.827934672185 1.25969306894234 0.610039643708866 0.00159554266363789 0.0270794904408075
LOC105378748 103.8948728452 -1.11164495972359 0.527894819535797 0.00159781548840737 0.0270903139769941
JPH1 15.7685176666648 2.46750535238479 1.36861141000497 0.00160373633791802 0.027149353462924
DEFB132 7.71871361348925 2.33570363600052 1.17230805739227 0.00163066442525308 0.0274030209015732
LNCOC1 15.5016772673017 -1.73637342821361 0.922083411622867 0.00163298788476776 0.0274122403244712
SPINT1 78.7410914356832 1.79621643394795 0.965039224829178 0.00164826924902499 0.0276211510728432
LOC105370921 6.45767061752065 -2.00842617314689 1.00036817511561 0.001667505823591 0.027874557600045
CLXN 18.8839908214569 -1.3908949170199 0.704420655085018 0.00167241803941856 0.0279238601138401
CH25H 25.1107581216502 1.78256343519949 0.944792562016271 0.00168162735478482 0.0279591524457714
SNORD3C 11.2047650795744 1.40469037347895 0.683593635895641 0.00168333608401301 0.0279591524457714
LOC105376078 7.8513024889649 -1.97524342496276 1.00707748111298 0.00168763689686501 0.0280001948935012
PGAP4 100.079838807778 1.07114253261823 0.505803178431259 0.00169019575498891 0.0280193779266876
LINC02004 19.2994957571094 -1.40956323001169 0.715453891592018 0.00169358411574965 0.0280522689023342
LOC105379315 184.195170679618 -1.1760717293707 0.577529785180728 0.00169957365034826 0.0280607957744438
LAMA2 1563.70203308406 1.2894623984059 0.637681890266043 0.00170312865771048 0.02809388775097
LOC105369812 7.08386838546317 3.50969444295605 1.72094786523224 0.00172111199336228 0.0282505613635209
RGS1 40.5173798829062 1.02588570626712 0.479259450197344 0.00174036834111712 0.0284497528495545
LOC105372889 9.87926762237989 -1.48694504676564 0.758327403064876 0.00176532166540327 0.0286002153999155
TCHH 11.0476676112584 1.28319677620525 0.623561739474639 0.00178923635856852 0.0287908945791362
GPX8 148.88241708954 1.52320239499592 0.805785839874144 0.00179871027406698 0.0287908945791362
LOC124901056 15.6406076606936 -1.47560820751328 0.758047692105497 0.00179458451954059 0.0287908945791362
BHLHE22 21.267418499142 1.85293051353282 1.00621891365339 0.00180136392339757 0.0288102848148838
TIAM2 26.8147750938157 1.37594751430991 0.697411999424831 0.0018083567857708 0.0288475049662046
OAS2 722.576741969008 1.03398110599418 0.491682283313344 0.00180802593311742 0.0288475049662046
CMTM3 162.437362471565 1.16530310835125 0.574886341555876 0.00182331805051957 0.0290451366644169
LOC124905978 71.0505155248608 -1.69325375302307 0.942259692208901 0.00183372008912245 0.029187563745267
LOC107987105 31.4359755413761 -1.25753119078915 0.638047093380919 0.00185767133403848 0.0293689341805768
LOC100130049 5.75704631070226 -2.00193601526981 1.01506395006064 0.0018606306691194 0.0293817851749637
LOC124909481 17.2791179498557 -1.20955010476795 0.601284822371752 0.00187048735135415 0.0294439001546159
MTHFD1L 318.735558854625 1.01812689944984 0.485647808534197 0.00187193398059483 0.0294439001546159
RNF139.DT 21.0845463445719 -1.05259069800114 0.503195111554091 0.0018704743386837 0.0294439001546159
LGALS3 314.488415536316 1.1075071930283 0.543313585838539 0.00188690323928842 0.029539795539205
SNORA71A 20.6247069810194 1.20284841850321 0.594084349430902 0.00188616557964967 0.029539795539205
CDCP1 66.1387312367001 1.00454702654307 0.477535663161042 0.00190117698783529 0.0296972444760393
RGS10 93.5633426801831 1.29629922261926 0.665969477879575 0.00190290713502855 0.0296972444760393
TMSB10 2364.29575428766 1.19353107719457 0.591339296195983 0.00191351758627016 0.0297466360337219
ACKR1 10.7589090702509 2.14402379475777 1.18696311961765 0.0019185665193273 0.0297787760606699
LOC124901792 27.7296064220897 -1.02179099541926 0.491842405127609 0.00192551208323099 0.0298042932444818
LOC653503 29.9118704897193 1.13049624940416 0.554480057320555 0.00193456690371606 0.0298416281611058
RAP1GAP 249.55764883826 1.12112410761663 0.55393029550867 0.00194325867128911 0.0299294797360612
SLC1A7 44.7951911528995 1.05935514364811 0.511593221922718 0.00195028585044531 0.0299683924219196
LOC124904303 6.97363997123338 -1.46072239138728 0.729280832092814 0.00195742384469555 0.030029804157966
KANSL1 25.0301040853657 -1.78503628365023 1.0107485474878 0.0019706711963309 0.0301610343882553
WDR64 12.0917764471122 -1.26798270906315 0.643492029226071 0.00197865330949834 0.0301863750445971
LINGO1 8.02163812409545 1.59149205002227 0.810582184112818 0.00199839211371991 0.0303112231311078
LOC124904188 12.0134844616795 -1.45645328978328 0.765000211230518 0.0020080052302166 0.0304293310305603
SRPX2 231.236156575489 1.20997337913635 0.619945024387715 0.00200922545200786 0.0304293310305603
LOC107986833 18.735021143818 -1.39790164909066 0.748779827625404 0.00202741058934297 0.0306582543018283
LRP12 61.337180594919 1.05089781964422 0.514683828849949 0.00203182916947002 0.0307018301734743
B3GAT1 247.167236335082 -1.70655967212552 0.999333902889089 0.00205013047543198 0.0309082312280975
ELFN2 7.27103747852333 1.89984798292875 0.987128588476804 0.00206626147586049 0.0310109986790302
LOC105374524 46.5553818007587 -1.364364383649 0.73946184505595 0.00207983851015087 0.0310979446697408
RHCG 8.67812192180367 1.87116339073517 1.021874102877 0.00209379824210182 0.0312365300106243
SNED1.AS1 5.66658583940731 -1.93269206271255 1.01967170711587 0.00211145379533786 0.0314017536709918
SNORD22 17.5843879383961 1.20805337449925 0.617177452592605 0.00215034079152259 0.0317951203933791
MCOLN3 14.3945644400561 1.56236084158152 0.84861054560355 0.00215655677172769 0.0318398951012804
IGLV3.21 56.3308288878722 1.47707448264448 0.821437674476017 0.00217951565978885 0.0319897169874666
ZNF541 8.87932782438264 1.85101268719344 1.00299891224226 0.00218867692854154 0.0320483658940503
SLC6A8 21.3304014138514 1.3718825992234 0.735140786497202 0.00219092092825406 0.0320483658940503
PKDREJ 4.56374894870977 -2.0611280660932 1.06835619954053 0.00219961865019845 0.0321430739988034
LOC124902113 726.962789034845 -1.00981035352023 0.504595520659732 0.00220731145468723 0.0321848566560818
ANXA2 2188.74350833569 1.17707023489105 0.605679776219199 0.0022139802628818 0.0322585483087722
LOC124903661 15.6617600176516 -1.03059131354645 0.506297673734305 0.00222566922601041 0.0323345225154792
LOC105371464 8.53726992822087 1.90355749875498 1.04753616402832 0.00224405474149107 0.0325070612879083
MMP2 533.449780374082 1.5037135888734 0.856530170605387 0.00224342819784705 0.0325070612879083
LOC105378964 9.95086996221228 -1.41854394799817 0.766998194276764 0.00227004900811985 0.0328359876800884
ADAMTS16 6.17512878499849 2.23146543062008 1.18973421231219 0.00228004241715116 0.0329566767908911
LINC02153 81.3212198858 -1.20565377093899 0.646845369975192 0.0022951965709809 0.0331197381526782
ADAMTS3 21.2637422683974 1.40208546014052 0.770960580577548 0.00231072935260147 0.0332558570227428
KCNK5 470.968354023252 -1.16932057496169 0.635193317772645 0.00233829064539488 0.0335317257231932
GLIPR2 73.6038992758835 1.10362235473039 0.570975144430302 0.00234111667104334 0.0335481683075766
LOC124903034 15.8478777293365 -1.11279830797425 0.571724093080843 0.00235137433168555 0.033671006200538
SSC5D 36.0954372845971 1.22935907618976 0.658803570923146 0.00235706460356855 0.0336877240978218
MSC 32.8806997854735 1.71330115560575 1.02913215704859 0.00236971597249472 0.0338124616189676
LOC124901094 22.8376342202811 -1.18125500584558 0.628000062779009 0.0023725881359709 0.033829279517598
LOC107986079 8.44526930181835 -1.46771173009575 0.81616855210956 0.00238537067193224 0.0338596433338488
RN7SL357P 16.5581963932073 -1.27194255398457 0.698133973916014 0.00239018215721892 0.0338596433338488
EIF5A2 73.953592206452 1.11631503127897 0.585605971172841 0.00242491205655775 0.0341849281875777
CTNNA3 789.221139860624 -1.37443128959612 0.799796828881543 0.00243404870904696 0.0342171407543435
LOC105378780 5.5704327083113 -1.8811765521815 1.0393862645343 0.00246123590522079 0.034354523208337
PKDCC 135.079197693577 1.02572028159092 0.525572586186079 0.00247127011126524 0.034354523208337
CDHR3 95.8758719304309 -1.0793085234751 0.568915313638879 0.00246789751245694 0.034354523208337
RAB31 419.843086106556 1.03761112901512 0.533927402586582 0.00245294645636045 0.034354523208337
PRSS42P 40.3022800177758 -1.18067838006408 0.644107233633221 0.00248023098554208 0.0343929923604475
LEF1 45.112649604668 1.62567740083477 0.980396557321661 0.00248709708609486 0.0344389444177731
NCR3LG1 86.1339153979974 1.01605705841522 0.519521426182374 0.00248787305579212 0.0344389444177731
CDH23 676.851444496416 -1.06329037353101 0.561207076320137 0.00250968162945508 0.0346573717032537
LOC107986454 44.6046752811048 -1.04737636229682 0.551519148847102 0.00257438551456165 0.0352473783679805
LOC124907869 7.51162001012382 -1.31507495890002 0.703509009303992 0.00258321031458814 0.0353439789343922
LINC01127 150.901700554454 -1.1023000443136 0.597032380655227 0.00260003463729644 0.0354180618236084
MIR155HG 15.7577228127717 1.10265537005528 0.574229376480669 0.00261934838047755 0.0356132791060441
LOC105377699 12.5645637463297 -1.31633344566466 0.743988706534897 0.00263820409927342 0.0356568099371352
ZC3H11B 10.5318323209683 -1.18213826770296 0.634371928115261 0.00265619225694557 0.0358113483772068
ANTXR1 902.758822650854 1.54131900145205 0.950179909658411 0.00265680908565381 0.0358113483772068
TYMS 107.877378625443 1.0641901315144 0.56439323505792 0.00265379939180717 0.0358113483772068
ANXA1 471.267561225106 1.10094876129011 0.591555495611147 0.00267915111313731 0.0359710767844094
IGDCC4 5.66590899636478 2.64641129459169 1.47275885999762 0.00268126418361963 0.0359710767844094
HULC 1854.618131612 1.28081600145364 0.735251905474532 0.0026951337353961 0.0361328802001828
PTGDS 275.000998809667 1.2996142254613 0.752168185336611 0.00269957166644115 0.0361438630085982
EGR3 9.87494626371784 2.07079285429614 1.263732948053 0.00270891850721611 0.0362447127261548
RAMP2 79.5949318911522 1.0226739585996 0.538772907102908 0.00272831417916936 0.0364310187453791
LOC112268227 23.0519373721376 1.42111198917542 0.841548373757856 0.00275312223040705 0.0365710249289156
LOC105372437 7.67906865833572 -1.30342744304903 0.718272263602781 0.00276417511670912 0.0365918900804383
PTTG1 25.9770546152528 1.2294356549237 0.687932004724287 0.00278903101795152 0.0367989984244383
ULBP2 7.04436990977496 1.48534379539499 0.817982048002406 0.00278877708287616 0.0367989984244383
LOC100506974 54.7500984314905 -1.0837535881535 0.591809656483191 0.00279119703390169 0.0368032686133467
LOC124903923 45.3839656371944 -1.11286354427421 0.616472042513973 0.00281375559976916 0.0370030163666812
LOC101927069 10.219230154569 1.51683795417025 0.88844711351501 0.00286374023346209 0.037406066509066
OR52H1 19.466153144229 -1.11744272130583 0.6095555376319 0.00286541509906981 0.037406066509066
FGF21 45.2054922227308 1.1600281059597 0.651741384850844 0.002866874640838 0.037406066509066
FMOD 300.08846759342 1.11163234754949 0.619453780604926 0.00290616811593613 0.0377216467082133
PLK3 62.989814844938 1.02034020478764 0.545502261715284 0.00291820853944616 0.0377552679948034
LOC124900584 12.9745296463471 -1.09892201116093 0.59922765730298 0.00296237855819639 0.0380067270896154
EEF1A1P6 27.7471955436342 -1.0103934067992 0.548205348973751 0.00297051416698183 0.0380388608883267
NALF2 5.09242214362131 1.91471481363072 1.07590856335686 0.00304461445706115 0.0386007103408045
IGLV10.54 5.84809360097155 2.35159881334386 1.39092355635105 0.00307284512620517 0.0388791144128663
LOC107985869 96.6386534283616 -1.28193351150551 0.789533433843077 0.003077294721131 0.0388817453189835
ITGAV 3320.71515229249 1.08183305755253 0.59660374090966 0.00308416387346705 0.0389439048902515
NALCN 175.039155364515 1.25888408120067 0.759000767550711 0.00309988427002944 0.0390845504185803
NQO1 100.648834948524 1.49494269014313 0.98331269942322 0.0031122946709031 0.0391064099695506
GPRC5B 170.8760132171 1.13853020328448 0.658296202610954 0.00313037491042231 0.0392298426666224
LOC105376279 10.8544581695936 1.04602438564059 0.553000389502732 0.00315155712793141 0.0393717981160462
RND2 55.7838044985888 -1.34216388164566 0.850678708536036 0.00316450635190544 0.0394595373818122
DLEU7 8.11232516451963 1.64056474099989 0.994829094677719 0.00316734271967696 0.0394702671043462
LOC105379362 25.3849874098816 1.02683210087888 0.56294878541912 0.00320905577558653 0.0398100824740449
TMEM92 90.7724691647378 1.29078245050309 0.793362866142134 0.0032054799128627 0.0398100824740449
LINC03023 74.1678988138901 -1.07682045721633 0.620039814335916 0.00321964978348514 0.0398980918578779
LOC107987331 15.1838645585565 -1.33201977922556 0.828373560724668 0.00325722735966296 0.0402190954817807
VPS52 4.83398917645757 2.41860860604607 1.39216366794212 0.00329858723581135 0.0404001095172088
PAQR4 36.3329660526742 1.04097368302205 0.58295349351189 0.00335430290817947 0.0406462463076851
WFDC2 6.36824853202326 2.4106919561905 1.52740056573638 0.0033600218302161 0.0406462463076851
TMC7 24.9831221863151 1.29312441780819 0.803541436715104 0.00337409012837766 0.0407255736582913
CCL21 175.540813556934 1.24868868130968 0.78474325287944 0.00342163293068819 0.0411007452937025
TMEM154 833.792447418044 1.12899874160826 0.667559281211268 0.00345661763326118 0.0413965190899432
LOC124905501 21.4324059723803 -1.20489159507355 0.742911725409305 0.00345937115862301 0.0414046724174076
COL4A4 343.45034124974 1.00298061314696 0.566883507811461 0.00346440940373293 0.0414153454512083
IGLV6.57 24.4761511292155 1.08732258317897 0.629929433415972 0.00347551499903899 0.0414984385061583
RALYL 10.0186688433834 -1.62829509055332 1.11974889365572 0.00350032573315335 0.041620539788971
LOC105370259 14.098182167311 -1.32905576218601 0.859770906493234 0.00349532498027018 0.041620539788971
C21orf91.OT1 6.54454798231627 -1.37482736842966 0.823133310097703 0.00349858441540781 0.041620539788971
IGLV2.23 93.9474824766556 1.3350940051525 0.882428528687163 0.00351550854447785 0.041770002333512
SUSD2 108.950057089559 1.16630920285117 0.711041812955913 0.00353011789399369 0.0418502285165685
AGAP2.AS1 14.0453736444614 1.4298964609424 0.93142980378871 0.00356662905021819 0.0420832734241929
B3GNTL1 9.91669644703672 1.16412588295793 0.668991169218585 0.00358315221448613 0.0421411348369213
NETO2 30.2320457679616 1.52354143493621 1.07890225161349 0.00359001555335884 0.0421611148514816
MAFF 37.7479106388458 1.33189283303546 0.87668571756226 0.00360485871163584 0.042236321463475
DAAM2.AS1 10.5190298532077 -1.34636248316378 0.882197565420232 0.0036314995524841 0.0424723858667578
LOC107984429 25.323572188415 -1.04889694905068 0.620748777053489 0.00364349785154092 0.0425628731475914
FZD2 14.6499954466751 1.75816759099829 1.31378275339172 0.00367352006675109 0.0427545047369654
ATP1A2 15.0671914347085 -1.41513189741308 0.966581390356733 0.00373911430333104 0.0433502886380388
FCGR2C 101.102776537106 1.18984708985196 0.756832385431589 0.0037673043940768 0.0436330693563161
MYC 155.721780316909 1.03630973222684 0.616127264081221 0.00378859595968318 0.0436705094579522
LOC105372308 12.9975915388118 -1.26539581038666 0.808219437736948 0.00380169345514667 0.0437962101845501
RN7SL45P 6.71636497335629 -1.27976829462036 0.780395208659081 0.00381961023028805 0.0439519204840058
IGHV3.9 7.80626650812733 1.74619358682943 1.21285044035714 0.00382716701822984 0.0439881981335784
LAMA4 515.948110515603 1.03541801114358 0.618659047000376 0.00383870287998204 0.0440569237832426
FAM3B 23.8462682337829 1.18750161538277 0.747144568809233 0.00384196842362878 0.0440569237832426
MROH7 9.24256256032324 -1.24089046841461 0.7660803363033 0.00384658257917393 0.0440845287444512
ANKRD22 17.9021892274931 1.32710791586524 0.892107820801548 0.00390947154831746 0.0445256225875398
EGR1 193.011098784757 1.2103140975915 0.802225234183829 0.00391812213943529 0.0445466180178482
FBLIM1 209.173332420915 1.1707640891599 0.759370224854302 0.00392411108801387 0.044589330542756
GOLGA7B 11.9594799440461 1.24400068271562 0.780585431044196 0.00394407282774769 0.0447398062504758
EPHB6 11.7239356692635 1.16327023185249 0.706719457860749 0.00395208134360529 0.0447873399542691
LINC02671 13.6497390877321 -1.29443476104532 0.863324766676441 0.00395404307618995 0.0447873399542691
S100A6 456.63937745522 1.2980054205004 0.912304082134315 0.00399584961337397 0.0451326771499171
CDKN2B.AS1 18.2675551008701 1.29817610165301 0.867007501315834 0.00402031246211125 0.0452604349617095
EHD2 107.653963625373 1.14593757954124 0.750617514190709 0.00411223737004895 0.0459429830559831
SCAT8 14.5837610044726 1.45953625223333 1.07861065230362 0.00421226428327196 0.0466948897461935
LOC112268251 91.6365009779256 -1.2969364766978 0.966201756473355 0.00420911776508416 0.0466948897461935
FGF14.IT1 14.462238779185 -1.30449830582186 0.916926645039854 0.004262671823232 0.0469152244302383
LOC124904516 5.83248727008609 -1.59566806786976 1.13461444068032 0.00429280363039993 0.0470911835919105
ARFGEF3 86.8073803123645 1.20287744397953 0.833060224025803 0.00429142230386572 0.0470911835919105
KCNJ5 65.5653524553534 1.13986519873148 0.757106134751515 0.00428918016693741 0.0470911835919105
PF4V1 6.77504365149387 1.76335853028875 1.25380991096659 0.00430100990254408 0.0470922670686534
TCEA1P3 5.61911503879791 1.57885860684874 1.01935699495427 0.00431620668046774 0.047192416337725
ADGRG1 75.1366490001078 1.06735457124158 0.68328814684491 0.0043455248606399 0.0473096041161081
APOA4 969.535764703121 1.37641088354356 1.09126264498188 0.00437729025532881 0.047522146815461
FAM3D.AS1 8.18917617179275 -1.50177259881723 1.13293689313218 0.00438781388424221 0.0475588552097789
DSG2.AS1 18.2924466823658 -1.1491987724418 0.790047184234945 0.00438543925115221 0.0475588552097789
IGKV3D.20 10.9037845513163 1.42360632089123 1.02210082866924 0.00439574638497113 0.0476080317990545
GPM6B 24.7443535310827 -1.08933788167736 0.705707185966839 0.00440963886600645 0.0476403169212249
LOC105373737 14.0913704034282 -1.06040306563554 0.669953014941535 0.00443032761943428 0.0477281154367548
DIPK2B 83.891123244817 1.41756686669602 1.1776936894088 0.00444734850029135 0.0477635664740967
LOC124902489 21.2941410025415 1.16381176777879 0.781370634245235 0.0044828060369423 0.0479638636282589
COL5A2 1527.63482327629 1.12452360855645 0.747361611935651 0.00449511845644296 0.04801844186412
SEPTIN14P14 9.92981845247549 -1.02395021380177 0.628858670946852 0.00452042805015596 0.0481600377226216
RPL15P7 14.4555732853094 -1.0956839925502 0.729245638215009 0.00454333761390763 0.0483010708756886
LOC105371884 14.4018039034494 -1.1627374707283 0.817574298215142 0.00463553196388044 0.048890911568361
LOC124904651 15.9501838290166 -1.21357599936283 0.869333082733414 0.00472395376783042 0.0496923119885099
GRIN2D 7.56212541625042 1.80642618624841 1.48480069054598 0.00476769389172559 0.0499944636121314
